6,7,5,14,8,12,9,4,10,2,13,3,15,0,11,1
20,16,31,9,18,10,32,24,12,40,0,26,25,38,33,27,28,7,34,23,21,41,35,13,3,39,4,29,19,5,17,22,1,36,30,6,42,8,14,11,43,44,2,37,15
22,17,12,0,23,34,15,7,35,6,19,31,2,24,3,29,20,26,5,8,11,10,16,30,9,27,32,4,33,21,14,13,25,1,18,28
3,12,11,8,1,2,6,5,4,9,7,10,0
35,12,1,26,6,8,2,21,32,18,30,3,14,20,0,13,11,9,5,24,19,27,10,36,34,33,7,25,31,23,4,28,29,16,17,15,22
6,38,10,11,26,0,36,16,13,42,32,29,17,43,14,44,22,31,24,4,34,33,28,12,40,21,20,19,18,15,27,25,9,7,2,35,37,8,39,3,41,23,1,5,45,30
15,4,5,6,2,7,12,0,9,3,14,11,8,1,10,13
2,4,8,15,13,19,17,18,6,0,12,20,5,14,3,10,1,16,11,21,9,7
4,8,10,2,5,1,6,3,7,9,0
22,11,6,20,35,14,16,21,24,2,13,34,3,23,18,17,28,30,4,33,10,29,0,5,32,8,31,25,1,36,9,12,7,27,15,19,26
20,10,0,8,12,7,15,6,5,21,22,9,19,17,4,18,13,14,11,3,1,24,16,23,2
20,13,2,11,18,8,5,21,1,4,6,0,12,22,17,15,7,16,3,19,14,9,10
14,17,33,45,10,41,11,26,7,44,12,38,36,34,1,32,22,19,43,31,6,3,37,5,8,15,35,9,0,40,20,46,27,23,2,21,30,29,25,39,16,28,42,13,24,18,4
14,9,16,11,12,7,1,15,4,0,3,5,6,2,10,8,13
23,8,9,10,14,25,1,20,6,24,13,15,19,17,18,22,16,0,4,26,2,21,5,7,3,11,12
13,4,6,35,17,12,31,25,38,11,3,41,2,24,10,19,34,36,30,40,23,7,29,9,37,8,5,22,32,14,28,26,15,0,33,16,1,39,20,27,21,18
23,34,17,45,20,3,8,19,24,13,10,12,0,11,35,6,43,30,5,33,2,39,16,9,7,1,27,44,40,42,26,38,15,28,32,22,37,18,36,41,25,14,29,21,31,4
22,23,18,10,12,24,1,11,19,17,14,15,21,13,4,0,8,3,7,5,2,20,6,16,9
33,13,26,34,7,32,16,12,38,29,21,1,17,11,6,25,20,15,28,9,4,37,24,27,10,30,3,5,0,19,8,35,22,36,39,23,18,14,2,31
1,5,9,11,8,0,2,7,10,6,4,3,12
10,26,5,13,14,21,9,7,24,15,4,17,3,6,18,12,16,19,11,0,8,22,1,20,25,2,23
24,14,7,5,34,15,18,22,12,8,33,9,31,20,3,10,23,32,13,21,2,26,27,25,17,19,30,16,11,28,1,29,6,4,0
34,8,9,37,17,10,14,16,38,33,29,27,30,2,4,22,21,41,24,26,20,35,23,31,11,3,0,40,6,1,13,32,39,25,36,7,42,18,28,5,43,19,12,15
4,29,13,14,1,7,17,2,9,19,20,12,10,5,0,24,15,8,23,22,26,28,16,18,25,21,11,27,3,6
26,10,0,29,25,31,14,12,20,30,19,5,21,9,6,22,28,27,11,8,1,17,15,3,2,24,18,23,13,7,16,4
5,7,13,4,8,11,12,10,9,1,14,2,3,6,0
9,17,19,11,7,5,14,15,16,3,1,20,4,8,18,12,2,10,13,0,6
13,19,6,9,23,15,3,14,2,22,21,17,1,0,7,11,8,16,24,4,5,18,10,12,20
16,25,17,9,21,13,11,23,3,5,12,32,28,20,19,27,10,26,7,4,30,0,24,18,15,8,29,1,22,6,2,31,14
5,11,3,10,16,12,15,6,4,9,13,7,8,1,0,14,2
26,23,7,21,29,33,4,19,11,20,25,32,10,5,16,8,14,2,18,42,17,3,28,15,0,34,27,1,41,12,22,9,36,38,35,39,13,30,31,24,40,37,6
29,6,32,36,11,13,14,37,7,0,41,34,35,20,18,39,9,17,19,3,12,2,30,38,8,40,16,22,23,31,25,4,10,5,21,24,26,28,15,27,1,33,42
16,27,22,7,28,15,10,18,6,3,13,25,0,19,29,24,11,31,26,5,21,4,17,9,14,20,23,30,1,8,2,12
16,36,1,7,10,21,2,29,25,28,13,31,32,24,22,0,30,27,37,18,23,6,26,17,34,33,5,4,19,20,11,38,9,35,15,12,3,8,14
22,4,8,23,15,18,29,2,12,33,32,24,16,20,3,26,6,1,19,25,5,13,7,27,10,21,34,17,31,28,11,30,35,9,0,14
12,7,3,23,8,4,0,26,20,13,18,22,25,19,9,1,24,17,27,6,5,14,10,21,2,15,16,11
17,12,21,28,0,4,19,5,13,14,25,11,18,2,29,24,30,22,20,1,6,3,10,16,23,15,8,27,7,9,26
26,17,38,23,8,27,18,12,36,28,20,11,2,14,24,16,31,7,3,15,19,5,13,39,25,22,32,0,10,33,21,4,34,37,35,6,9,30,1,29
22,24,44,38,17,5,33,34,3,28,20,43,40,35,27,14,10,45,42,8,6,12,30,31,15,13,18,7,2,32,37,1,11,29,26,19,21,4,23,9,41,39,0,36,16,25
34,44,28,2,13,23,43,39,8,21,36,20,25,11,42,14,7,29,12,38,9,37,22,40,5,32,41,24,3,27,46,47,26,33,4,31,6,35,0,15,16,10,30,18,45,19,1,17
10,26,34,3,2,25,12,20,23,4,14,11,17,5,7,35,16,15,33,28,24,29,31,30,6,27,8,19,13,0,18,21,32,9,22,1
28,20,5,23,1,7,4,26,13,25,15,27,11,17,10,8,24,2,19,31,12,3,9,6,0,18,29,22,16,30,21,14
8,0,22,10,18,1,13,12,19,9,2,24,16,32,30,26,20,23,28,14,11,3,6,31,29,4,7,17,27,21,25,15,33,5
16,31,32,18,34,25,26,20,0,28,12,24,6,23,21,30,2,8,27,10,14,9,33,19,29,7,36,15,17,5,3,22,13,11,4,35,1
37,10,12,21,22,43,39,27,41,25,24,0,1,16,28,30,19,36,40,23,15,14,32,7,3,29,38,8,5,13,18,11,6,33,34,2,35,4,31,26,42,9,17,20
40,10,14,28,43,37,38,22,5,23,27,17,16,2,3,33,24,15,30,8,42,39,26,32,0,1,31,11,19,25,36,34,20,35,7,13,21,4,18,12,29,9,41,6
24,16,20,1,25,5,23,28,18,27,9,2,11,10,13,8,17,22,29,0,21,7,14,12,15,3,6,4,26,19
27,25,28,11,23,2,0,29,17,1,22,30,15,10,20,4,21,6,14,3,31,12,9,16,19,24,8,13,18,5,26,32,7
12,18,11,3,9,19,1,15,8,7,10,0,16,2,13,5,21,14,24,20,4,17,6,25,22,23
3,10,12,11,13,8,0,1,7,5,9,2,4,6
0,17,13,22,11,24,15,23,20,2,19,12,18,8,9,14,1,7,25,4,3,16,21,5,6,10
39,8,10,4,37,1,27,25,6,26,7,0,29,13,40,38,32,34,28,41,15,30,31,33,12,11,42,18,3,45,24,16,22,43,19,36,21,20,17,2,14,44,46,5,35,23,9
10,28,29,27,11,2,8,3,31,9,23,17,15,20,5,0,16,1,4,13,25,22,24,14,26,18,30,7,34,21,12,19,32,6,33
8,11,2,17,13,22,25,5,7,15,24,3,21,12,19,14,20,0,16,9,6,23,27,26,18,1,10,4
10,2,5,8,0,3,9,4,7,1,6
12,4,1,14,0,15,10,3,7,8,6,11,2,13,9,5
13,7,5,9,15,0,25,3,19,10,17,11,14,24,2,6,4,26,8,22,20,23,1,16,18,12,21
36,6,42,23,35,8,21,30,37,26,13,11,16,22,19,24,29,27,40,0,38,4,1,10,17,34,18,20,12,7,41,28,39,44,9,15,33,5,14,32,3,25,43,2,31
1,8,7,14,9,11,12,13,18,5,15,16,19,21,2,17,3,4,10,24,0,20,22,23,6
19,3,0,14,11,8,1,5,4,20,12,10,16,9,13,15,18,6,17,7,2
46,45,11,30,3,28,26,33,7,23,27,44,34,32,1,43,12,18,0,21,25,38,22,13,6,20,19,4,8,24,5,31,36,10,9,47,35,39,16,42,37,40,2,14,17,15,29,41
1,17,13,11,6,19,0,9,10,15,21,12,20,14,7,8,18,3,2,5,16,4
6,1,12,10,4,8,9,11,2,5,7,0,3
1,28,11,0,14,23,37,24,33,16,12,39,27,8,36,13,40,31,22,20,15,32,4,18,38,10,21,6,35,30,3,34,7,17,2,19,5,9,29,25,41,26
33,8,4,13,40,31,16,9,32,20,30,19,41,3,44,38,27,2,11,34,15,45,36,39,46,35,10,0,12,14,26,28,43,29,18,47,5,23,6,22,42,24,37,21,25,7,17,1
11,22,33,32,20,4,2,24,18,26,13,9,16,31,0,14,10,19,34,6,3,7,30,28,12,1,25,17,15,35,8,29,21,23,27,5
10,6,9,5,7,2,11,3,1,0,8,4
10,1,3,7,5,4,6,0,12,8,2,9,11
11,32,31,28,35,15,29,38,8,0,14,4,42,40,1,3,23,17,12,19,7,30,41,22,24,36,9,25,13,27,20,2,5,37,34,16,26,21,39,10,6,33,18
12,15,18,20,21,8,1,3,7,16,4,2,13,17,10,6,0,9,14,5,11,19
6,3,38,11,7,14,0,9,26,21,10,37,32,29,24,17,20,40,27,28,25,13,22,36,12,34,33,39,35,5,16,31,19,15,1,41,8,18,23,30,2,4
4,3,11,8,12,10,9,0,5,6,2,1,7
23,27,40,24,28,15,36,25,0,2,20,11,7,16,38,21,17,13,12,32,33,14,34,18,9,8,22,6,3,1,4,19,10,31,29,39,37,30,35,26,5
9,3,1,6,8,5,17,16,12,2,19,4,15,21,0,10,14,20,7,11,13,18
5,2,9,4,7,1,6,11,0,12,3,8,10
19,27,26,10,13,28,31,24,4,17,11,29,5,21,20,23,16,18,12,22,0,1,7,3,34,32,33,6,30,2,15,8,25,14,9
14,12,7,6,4,13,5,2,9,0,1,3,8,10,11
17,16,2,12,7,0,3,5,19,10,13,15,14,9,4,11,18,6,20,1,8
15,13,32,30,22,8,14,16,18,2,9,0,28,19,23,1,17,27,10,4,7,11,12,29,25,6,24,5,3,26,31,21,20
10,0,7,9,4,3,1,8,5,6,2
0,1,3,10,4,14,12,5,9,7,15,13,6,2,16,11,8
5,3,11,47,13,29,43,32,35,39,23,7,18,19,36,41,46,8,21,38,4,34,17,16,26,25,24,33,37,45,15,42,14,40,20,48,10,31,1,22,27,2,44,6,28,12,30,9,0
21,29,18,1,4,13,3,15,26,6,11,10,9,17,22,12,30,8,33,5,31,25,19,28,23,2,7,0,16,32,24,20,14,27
4,14,15,1,25,24,3,19,8,0,18,22,28,16,5,11,13,27,10,7,23,12,21,9,17,2,26,6,20
16,14,5,10,11,9,13,1,26,23,3,6,19,2,7,24,12,18,0,8,4,20,25,17,15,21,22
20,18,4,7,21,5,14,19,13,11,16,8,15,9,2,12,22,6,3,17,10,0,1
32,25,18,9,39,13,8,14,7,24,20,5,17,35,26,28,12,40,42,19,0,38,21,1,37,6,29,33,41,3,36,34,2,43,15,23,22,11,27,30,16,4,31,10
12,17,33,8,32,3,30,31,13,9,11,2,25,23,14,15,26,29,1,6,18,0,10,21,4,19,27,20,22,5,24,16,28,7
13,16,24,20,30,5,18,27,2,11,9,21,29,4,12,32,26,34,19,17,0,28,31,10,33,23,1,14,25,15,35,3,8,7,22,6
4,10,8,3,6,9,0,5,7,1,2
12,4,18,0,3,1,6,27,17,22,11,29,8,25,16,13,2,24,15,9,26,20,7,23,10,5,14,21,19,28
6,16,10,7,12,2,9,1,3,0,13,14,18,20,15,4,17,19,8,11,21,5
6,25,20,33,32,4,22,3,34,9,14,8,26,24,27,21,29,5,18,13,11,10,31,7,1,15,12,19,30,2,16,0,23,28,17
12,11,22,13,15,34,9,40,32,33,8,2,27,7,14,25,35,17,21,38,31,19,37,28,5,4,45,26,23,41,3,39,16,0,36,6,29,42,10,30,1,20,44,43,18,24
5,0,6,10,13,3,8,12,1,14,11,7,9,4,2
14,17,10,16,1,36,3,13,34,33,37,5,24,40,20,9,19,32,29,7,31,28,35,18,0,41,22,21,38,27,39,15,12,25,8,6,23,2,11,4,26,30
18,21,23,11,3,6,13,22,20,14,7,19,16,8,15,25,4,10,2,24,12,9,26,17,0,5,1
12,6,17,16,4,32,13,2,28,31,1,24,30,7,23,8,22,26,11,5,20,19,14,15,0,3,18,29,34,27,33,9,25,21,10
10,13,9,11,8,5,3,7,15,2,1,19,16,21,17,18,20,4,12,0,6,14
7,4,0,2,9,1,8,6,5,3
